------------------- Inputs and Dataset ----------------
CLASS 1:
mean: 0.1
variance: 0.3
Prior: 0.45454545454545453


CLASS 2:
mean: 1.5
variance: 0.6
Prior: 0.5454545454545454

shape of disribution1 and disribution2 (100, 1) (120, 1)
length of dataset and labels 220 220
shape of dataset and labels (220, 1) (220,)


     distribution  label
0       -0.136395    0.0
1        0.232821    0.0
2        0.197131    0.0
3        0.470217    0.0
4       -0.189807    0.0
5       -0.281237    0.0
6        0.175171    0.0
7        0.289734    0.0
8        0.075506    0.0
9       -0.188365    0.0
10      -0.419256    0.0
11       0.366616    0.0
12       0.633064    0.0
13      -0.324123    0.0
14      -0.267421    0.0
15      -0.108596    0.0
16       0.268638    0.0
17       0.205891    0.0
18       0.407610    0.0
19      -0.073740    0.0
20      -0.242674    0.0
21      -0.540342    0.0
22      -0.022283    0.0
23       0.279832    0.0
24       0.465308    0.0
25       0.273478    0.0
26      -0.165833    0.0
27       0.528552    0.0
28      -0.200884    0.0
29       0.093976    0.0
30      -0.006857    0.0
31       0.555738    0.0
32      -0.161661    0.0
33      -0.032862    0.0
34      -0.037179    0.0
35      -0.163844    0.0
36       0.165861    0.0
37       0.472465    0.0
38      -0.420435    0.0
39       0.402477    0.0
40      -0.002974    0.0
41      -0.145539    0.0
42       0.216765    0.0
43       0.182430    0.0
44       0.259658    0.0
45      -0.162095    0.0
46      -0.176807    0.0
47      -0.236047    0.0
48       0.801765    0.0
49      -0.427343    0.0
50      -0.339775    0.0
51       0.106943    0.0
52      -0.103872    0.0
53       0.076177    0.0
54       0.593210    0.0
55       0.323111    0.0
56       0.564134    0.0
57       0.362359    0.0
58      -0.114306    0.0
59      -0.458793    0.0
60      -0.105650    0.0
61       0.656346    0.0
62       0.151426    0.0
63       0.203590    0.0
64       0.043070    0.0
65       0.462942    0.0
66       0.045255    0.0
67       0.570971    0.0
68       0.362463    0.0
69      -0.112257    0.0
70      -0.536505    0.0
71       0.360327    0.0
72       0.321150    0.0
73      -0.381361    0.0
74       0.560708    0.0
75       0.128219    0.0
76       0.014101    0.0
77      -0.437402    0.0
78       0.029277    0.0
79       0.461880    0.0
80      -0.498013    0.0
81       0.551605    0.0
82       0.234563    0.0
83       0.097135    0.0
84      -0.584264    0.0
85       0.331995    0.0
86       0.470213    0.0
87       0.313414    0.0
88       0.576010    0.0
89      -0.257786    0.0
90       0.112773    0.0
91       0.230829    0.0
92       0.140624    0.0
93      -0.193695    0.0
94       0.250547    0.0
95       0.100007    0.0
96       0.288517    0.0
97      -0.106919    0.0
98      -0.018040    0.0
99       0.938546    0.0
100      3.002942    1.0
101      1.096446    1.0
102      0.884586    1.0
103      1.836759    1.0
104      1.656716    1.0
105      1.560065    1.0
106      1.028165    1.0
107      1.860785    1.0
108      1.372707    1.0
109      1.589995    1.0
110      1.574464    1.0
111      1.784181    1.0
112      1.632256    1.0
113      1.274098    1.0
114      1.047183    1.0
115      2.187034    1.0
116      2.045478    1.0
117      0.919673    1.0
118      0.323470    1.0
119      0.382412    1.0
120      2.117429    1.0
121      1.894489    1.0
122      1.802403    1.0
123      1.597298    1.0
124      0.958662    1.0
125      2.022959    1.0
126      1.727572    1.0
127      1.282467    1.0
128      1.561165    1.0
129      1.183602    1.0
130      2.038141    1.0
131      1.816089    1.0
132      1.579759    1.0
133      1.583302    1.0
134      1.001940    1.0
135      2.171129    1.0
136      1.427595    1.0
137      0.165872    1.0
138      0.488955    1.0
139      1.837112    1.0
140      2.010919    1.0
141      1.949920    1.0
142      1.472304    1.0
143      1.744061    1.0
144      1.250726    1.0
145      2.412568    1.0
146      1.506714    1.0
147      1.631980    1.0
148      1.072341    1.0
149      1.074580    1.0
150      1.659895    1.0
151      1.386304    1.0
152      1.415888    1.0
153      0.574553    1.0
154      1.452074    1.0
155      2.396350    1.0
156      2.024523    1.0
157      1.724063    1.0
158      1.650108    1.0
159      1.603740    1.0
160      0.810823    1.0
161      1.600618    1.0
162      0.462393    1.0
163      3.510747    1.0
164      1.533871    1.0
165      1.313789    1.0
166      1.558465    1.0
167      2.282908    1.0
168      1.991165    1.0
169      1.483883    1.0
170      2.147617    1.0
171      2.009324    1.0
172      1.618357    1.0
173      0.916747    1.0
174      1.136986    1.0
175     -0.707591    1.0
176      1.511372    1.0
177      1.621027    1.0
178      1.699370    1.0
179      1.712623    1.0
180      1.425276    1.0
181      2.631293    1.0
182      1.746479    1.0
183      1.971287    1.0
184      1.413794    1.0
185      1.366616    1.0
186      0.548865    1.0
187      1.486812    1.0
188      1.937617    1.0
189      2.089679    1.0
190      1.375589    1.0
191      1.436055    1.0
192      1.532279    1.0
193      2.148545    1.0
194      1.808758    1.0
195      2.713942    1.0
196      0.053155    1.0
197      0.877972    1.0
198      1.354677    1.0
199      1.841921    1.0
200      0.226713    1.0
201      1.227077    1.0
202      1.801336    1.0
203      1.073382    1.0
204      0.756123    1.0
205      1.700045    1.0
206      0.488838    1.0
207      1.657441    1.0
208      2.839215    1.0
209     -0.179396    1.0
210      2.007507    1.0
211      1.307361    1.0
212      1.793825    1.0
213      0.642408    1.0
214      2.280440    1.0
215      0.622697    1.0
216      1.107458    1.0
217      1.907538    1.0
218      1.687570    1.0
219      0.465412    1.0
