------------------- Inputs and Dataset ----------------
CLASS 1:
mean: 0.1
variance: 0.3
Prior: 0.45454545454545453


CLASS 2:
mean: 1.5
variance: 0.6
Prior: 0.5454545454545454

shape of disribution1 and disribution2 (100, 2) (120, 2)
length of dataset and labels 220 220
shape of dataset and labels (220, 2) (220,)




[220 rows x 3 columns]
     coordinate X  coordinate Y  label
0        0.478576      0.094695    0.0
1        0.119715     -0.079413    0.0
2        0.339362      0.258722    0.0
3       -0.140157      0.186596    0.0
4        0.326678      0.039187    0.0
5        0.000263      0.195317    0.0
6        0.013225      0.068177    0.0
7        0.006587     -0.278117    0.0
8       -0.130678      0.015903    0.0
9        0.100359     -0.404351    0.0
10       0.090805      0.766976    0.0
11       0.189435     -0.119079    0.0
12      -0.385152      0.055183    0.0
13       0.477688      0.198568    0.0
14       0.311950      0.468906    0.0
15       0.537493      0.529667    0.0
16       0.160050     -0.068753    0.0
17       0.156286     -0.057404    0.0
18      -0.144882      0.202513    0.0
19       0.725146      0.005022    0.0
20      -0.108283      0.462364    0.0
21       0.750069      0.556439    0.0
22       0.329947      0.473089    0.0
23       0.609573     -0.372990    0.0
24       0.337504      0.017200    0.0
25      -0.301005      0.239273    0.0
26       0.017869      0.186434    0.0
27      -0.079522      0.121265    0.0
28       0.129469      0.052278    0.0
29      -0.402557      0.332010    0.0
30      -0.210380     -0.194938    0.0
31       0.882094      0.287201    0.0
32      -0.231585      0.127155    0.0
33      -0.087008      0.155178    0.0
34       0.177487      0.560097    0.0
35       0.322938      0.328790    0.0
36       0.089748      0.160313    0.0
37       0.215939     -0.047058    0.0
38      -0.274323      0.540034    0.0
39       0.367420     -0.044603    0.0
40       0.290355      0.022717    0.0
41       0.003222      0.254736    0.0
42      -0.142736     -0.235268    0.0
43       0.212534      0.400093    0.0
44      -0.023864      0.020551    0.0
45       0.018391     -0.311351    0.0
46      -0.216995     -0.733712    0.0
47      -0.051758      0.130644    0.0
48       0.189240      0.467013    0.0
49       0.355316     -0.013059    0.0
50      -0.287048     -0.284980    0.0
51       0.304821     -0.262159    0.0
52      -0.300067     -0.086424    0.0
53      -0.115103      0.372283    0.0
54       0.174083      0.162738    0.0
55      -0.162497     -0.081700    0.0
56       0.199492      0.371069    0.0
57       0.306913     -0.180615    0.0
58       0.477606      0.270464    0.0
59       0.082291      0.438782    0.0
60       0.440295     -0.295385    0.0
61      -0.571734      0.262928    0.0
62       0.113153     -0.032062    0.0
63       0.294389      0.333934    0.0
64       0.268201      0.558497    0.0
65      -0.325695     -0.280536    0.0
66      -0.083397      0.413499    0.0
67      -0.155468      0.057911    0.0
68       0.178549     -0.096611    0.0
69       0.044548      0.002128    0.0
70       0.228997      0.182219    0.0
71       0.466753      0.134851    0.0
72       0.174261     -0.484496    0.0
73       0.273158      0.328468    0.0
74       0.318286     -0.376527    0.0
75      -0.636495      0.579275    0.0
76       0.032172      0.361549    0.0
77      -0.192786     -0.062214    0.0
78       0.385355      0.092367    0.0
79       0.079550      0.066177    0.0
80       0.420540      0.249685    0.0
81       0.052379      0.562003    0.0
82       0.107232      0.377311    0.0
83       0.508891     -0.055163    0.0
84       0.152259      0.200622    0.0
85      -0.047161      0.777704    0.0
86       0.125003     -0.023736    0.0
87      -0.159841      0.563622    0.0
88       0.046230     -0.029934    0.0
89       0.048644      0.185541    0.0
90       0.151169     -0.212067    0.0
91       0.412892      0.192095    0.0
92       0.287831      0.561113    0.0
93       0.345044      0.295481    0.0
94      -0.334297      0.554690    0.0
95      -0.525014      0.534873    0.0
96       0.394977      0.063628    0.0
97       0.059775      0.454657    0.0
98       0.196936      0.594435    0.0
99       0.000682      0.379443    0.0
100      2.744106      1.857432    1.0
101      2.390416      0.667384    1.0
102      1.549067      0.718728    1.0
103      1.924686      1.793378    1.0
104      0.981274      1.136587    1.0
105      1.772657      1.341447    1.0
106      2.142135      0.997707    1.0
107      2.333129      1.907634    1.0
108      1.449077      1.132102    1.0
109      0.997276      2.124292    1.0
110      1.067987      1.063149    1.0
111      0.887972      2.529515    1.0
112      1.571533      1.194671    1.0
113      0.074609      1.620790    1.0
114      1.253565      1.448855    1.0
115      1.666871      1.614545    1.0
116      1.151374      0.475437    1.0
117      2.135671      2.000540    1.0
118      0.973764      1.066166    1.0
119      2.120253      1.233580    1.0
120      1.608651      2.158230    1.0
121      0.481386      1.120359    1.0
122      2.135420      1.448585    1.0
123      1.434441      0.946618    1.0
124      1.816190      1.923578    1.0
125      2.760378      1.474154    1.0
126      1.120403      1.014817    1.0
127      1.168550      1.664416    1.0
128      1.493456      0.822638    1.0
129      1.715423      2.527294    1.0
130      0.988374      2.407123    1.0
131      1.571050      1.674472    1.0
132      2.253505      1.089838    1.0
133      2.312335      2.189443    1.0
134      2.764040      0.718618    1.0
135      1.677258      2.211124    1.0
136      1.715102      1.793502    1.0
137      2.293048      1.555340    1.0
138      0.737192      0.444925    1.0
139      2.277298      1.069436    1.0
140      1.121466      2.103532    1.0
141      0.703885      1.519792    1.0
142      1.338596      0.842874    1.0
143      1.869358      0.707726    1.0
144      2.079345      1.700231    1.0
145      1.807873      1.606759    1.0
146      1.619263      2.194256    1.0
147      2.472867      1.177108    1.0
148      1.006617      1.199262    1.0
149      0.988453      1.724110    1.0
150      1.415699      1.264179    1.0
151      1.288639      2.870034    1.0
152      1.003455      2.591451    1.0
153      1.058358      0.589432    1.0
154      2.561166      2.126181    1.0
155      1.747787      2.131751    1.0
156      1.236951      2.336154    1.0
157      1.755739      2.161587    1.0
158      0.960552      2.412625    1.0
159      1.441462      2.276556    1.0
160      1.123851      0.101201    1.0
161      0.894181      0.791567    1.0
162      2.499824      0.686770    1.0
163      2.241700      1.353476    1.0
164      2.172736      1.085626    1.0
165      0.909707      2.177126    1.0
166      1.532940      1.170957    1.0
167      0.930139      2.555449    1.0
168      1.029456      2.469788    1.0
169      0.987717      2.364326    1.0
170      1.475484      0.916303    1.0
171      2.041774      1.587695    1.0
172      0.881591      1.407818    1.0
173      1.169335     -0.146467    1.0
174      2.294818      2.132888    1.0
175      2.571690      2.409861    1.0
176      1.594979      1.766360    1.0
177      1.087747      0.982450    1.0
178      0.679537      1.538154    1.0
179      1.226007      0.906441    1.0
180      0.247079      0.727437    1.0
181      1.083017      1.761836    1.0
182      1.007790      1.582866    1.0
183      0.665113      2.067527    1.0
184      1.498295      0.896546    1.0
185      1.921828      1.147983    1.0
186      0.712218      2.344262    1.0
187      1.529900      1.510112    1.0
188      2.154135      1.275759    1.0
189      1.054398      1.985709    1.0
190      1.645432      0.718939    1.0
191      1.257219      1.769690    1.0
192      2.147565      0.943757    1.0
193      1.324297      1.942035    1.0
194      1.651308      1.334840    1.0
195      2.268415      2.277133    1.0
196     -0.011100      0.675784    1.0
197      1.642777      2.019401    1.0
198      1.230856      2.216556    1.0
199      2.504861      1.425363    1.0
200      2.045593      1.491529    1.0
201      2.413354      1.762386    1.0
202      0.930939      1.226417    1.0
203      1.213149      2.258874    1.0
204      1.513364      1.613170    1.0
205      1.411079      0.734944    1.0
206      0.979074      0.278500    1.0
207      1.234778      1.899099    1.0
208      1.188541      2.177578    1.0
209      1.648393      1.057030    1.0
210      0.991975      1.886742    1.0
211      1.522068      1.133224    1.0
212      1.480112      1.686112    1.0
213      0.180791      2.683254    1.0
214      2.226744      0.547899    1.0
215      2.249988      1.422479    1.0
216      1.255569      0.688956    1.0
217      1.113801      1.629639    1.0
218      1.369943      1.116512    1.0
219      1.640958      1.222676    1.0